# 
[[                                       ]
 [                                       ]
 [                                       ]
 [                                       ]
 [                                       ]
 [          1 2 1                        ]
 [          2   2                        ]
 [          2   2                        ]
 [            2                          ]
 [                                       ]
 [                                       ]
 [                                       ]
 [                                       ]
 [                                       ]
 [                                       ]
 [                                       ]
 [                                       ]
 [                                       ]
 [                                       ]
 [                                       ]]
#1
[[                                       ]
 [                                       ]
 [                                       ]
 [                                       ]
 [            1                          ]
 [          2   2                        ]
 [        1 3   3 1                      ]
 [          3   3                        ]
 [            3                          ]
 [                                       ]
 [                                       ]
 [                                       ]
 [                                       ]
 [                                       ]
 [                                       ]
 [                                       ]
 [                                       ]
 [                                       ]
 [                                       ]
 [                                       ]]
#2
[[                                       ]
 [                                       ]
 [                                       ]
 [                                       ]
 [            2                          ]
 [        1 3   3 1                      ]
 [        2 4   4 2                      ]
 [        1 4   4 1                      ]
 [            4                          ]
 [                                       ]
 [                                       ]
 [                                       ]
 [                                       ]
 [                                       ]
 [                                       ]
 [                                       ]
 [                                       ]
 [                                       ]
 [                                       ]
 [                                       ]]
#3
[[                                       ]
 [                                       ]
 [                                       ]
 [                                       ]
 [          1 3 1                        ]
 [        2       2                      ]
 [      1           1                    ]
 [        2       2                      ]
 [          1 5 1                        ]
 [                                       ]
 [                                       ]
 [                                       ]
 [                                       ]
 [                                       ]
 [                                       ]
 [                                       ]
 [                                       ]
 [                                       ]
 [                                       ]
 [                                       ]]
#4
[[                                       ]
 [                                       ]
 [                                       ]
 [            1                          ]
 [          2 4 2                        ]
 [        3 1 1 1 3                      ]
 [      2 1       1 2                    ]
 [        3 1 1 1 3                      ]
 [          2 6 2                        ]
 [            1                          ]
 [                                       ]
 [                                       ]
 [                                       ]
 [                                       ]
 [                                       ]
 [                                       ]
 [                                       ]
 [                                       ]
 [                                       ]
 [                                       ]]
#5
[[                                       ]
 [                                       ]
 [                                       ]
 [          1 2 1                        ]
 [        1       1                      ]
 [      1           1                    ]
 [      3           3                    ]
 [      1           1                    ]
 [        1       1                      ]
 [          1 2 1                        ]
 [                                       ]
 [                                       ]
 [                                       ]
 [                                       ]
 [                                       ]
 [                                       ]
 [                                       ]
 [                                       ]
 [                                       ]
 [                                       ]]
#6
[[                                       ]
 [                                       ]
 [            1                          ]
 [          2 3 2                        ]
 [        2 1 1 1 2                      ]
 [      2 1       1 2                    ]
 [    1 4 1       1 4 1                  ]
 [      2 1       1 2                    ]
 [        2 1 1 1 2                      ]
 [          2 3 2                        ]
 [            1                          ]
 [                                       ]
 [                                       ]
 [                                       ]
 [                                       ]
 [                                       ]
 [                                       ]
 [                                       ]
 [                                       ]
 [                                       ]]
#7
[[                                       ]
 [                                       ]
 [          1 2 1                        ]
 [        1       1                      ]
 [      1           1                    ]
 [    1       1       1                  ]
 [    2     1   1     2                  ]
 [    1       1       1                  ]
 [      1           1                    ]
 [        1       1                      ]
 [          1 2 1                        ]
 [                                       ]
 [                                       ]
 [                                       ]
 [                                       ]
 [                                       ]
 [                                       ]
 [                                       ]
 [                                       ]
 [                                       ]]
#8
[[                                       ]
 [            1                          ]
 [          2 3 2                        ]
 [        2 1 1 1 2                      ]
 [      2           2                    ]
 [    2 1     2     1 2                  ]
 [  1 3 1   2   2   1 3 1                ]
 [    2 1     2     1 2                  ]
 [      2           2                    ]
 [        2 1 1 1 2                      ]
 [          2 3 2                        ]
 [            1                          ]
 [                                       ]
 [                                       ]
 [                                       ]
 [                                       ]
 [                                       ]
 [                                       ]
 [                                       ]
 [                                       ]]
#9
[[                                       ]
 [          1 2 1                        ]
 [        1       1                      ]
 [        3       3                      ]
 [    1 3           3 1                  ]
 [  1         3         1                ]
 [  2       3   3       2                ]
 [  1         3         1                ]
 [    1 3           3 1                  ]
 [        3       3                      ]
 [        1       1                      ]
 [          1 2 1                        ]
 [                                       ]
 [                                       ]
 [                                       ]
 [                                       ]
 [                                       ]
 [                                       ]
 [                                       ]
 [                                       ]]
#1 
[[            1                          ]
 [          2 3 2                        ]
 [        2   1   2                      ]
 [        4       4                      ]
 [    2 4           4 2                  ]
 [  2         4         2                ]
 [1 3 1     4   4     1 3 1              ]
 [  2         4         2                ]
 [    2 4           4 2                  ]
 [        4       4                      ]
 [        2   1   2                      ]
 [          2 3 2                        ]
 [            1                          ]
 [                                       ]
 [                                       ]
 [                                       ]
 [                                       ]
 [                                       ]
 [                                       ]
 [                                       ]]
#11
[[          1 2 1                        ]
 [                                       ]
 [        3   2   3                      ]
 [        5 1   1 5                      ]
 [    3 5           5 3                  ]
 [1     1     5     1     1              ]
 [2   2     5   5     2   2              ]
 [1     1     5     1     1              ]
 [    3 5           5 3                  ]
 [        5 1   1 5                      ]
 [        3   2   3                      ]
 [                                       ]
 [          1 2 1                        ]
 [                                       ]
 [                                       ]
 [                                       ]
 [                                       ]
 [                                       ]
 [                                       ]
 [                                       ]]
#12
[[            3                          ]
 [                                       ]
 [        4   3   4                      ]
 [        6 2 1 2 6                      ]
 [    4 6   1 1 1   6 4                  ]
 [      2 1   6   1 2                    ]
 [3   3 1 1 6   6 1 1 3   3 1            ]
 [      2 1   6   1 2                    ]
 [    4 6   1 1 1   6 4                  ]
 [        6 2 1 2 6                      ]
 [        4   3   4                      ]
 [                                       ]
 [            3                          ]
 [            1                          ]
 [                                       ]
 [                                       ]
 [                                       ]
 [                                       ]
 [                                       ]
 [                                       ]]
#13
[[                                       ]
 [          1   1                        ]
 [        5   4   5                      ]
 [                                       ]
 [    5               5                  ]
 [  1                   1                ]
 [    4               4                  ]
 [  1                   1                ]
 [    5               5                  ]
 [                                       ]
 [        5   4   5                      ]
 [          1   1                        ]
 [                                       ]
 [                                       ]
 [                                       ]
 [                                       ]
 [                                       ]
 [                                       ]
 [                                       ]
 [                                       ]]
#14
[[                                       ]
 [          2 1 2                        ]
 [          1 5 1                        ]
 [                                       ]
 [                                       ]
 [  2 1               1 2                ]
 [  1 5               5 1                ]
 [  2 1               1 2                ]
 [                                       ]
 [                                       ]
 [          1 5 1                        ]
 [          2 1 2                        ]
 [                                       ]
 [                                       ]
 [                                       ]
 [                                       ]
 [                                       ]
 [                                       ]
 [                                       ]
 [                                       ]]
#15
[[            1                          ]
 [          3   3                        ]
 [          2   2                        ]
 [            1                          ]
 [                                       ]
 [  3 2               2 3                ]
 [1     1           1     1              ]
 [  3 2               2 3                ]
 [                                       ]
 [            1                          ]
 [          2   2                        ]
 [          3   3                        ]
 [            1                          ]
 [                                       ]
 [                                       ]
 [                                       ]
 [                                       ]
 [                                       ]
 [                                       ]
 [                                       ]]
#16
[[            2                          ]
 [          4   4                        ]
 [          3   3                        ]
 [            2                          ]
 [                                       ]
 [  4 3               3 4                ]
 [2     2           2     2              ]
 [  4 3               3 4                ]
 [                                       ]
 [            2                          ]
 [          3   3                        ]
 [          4   4                        ]
 [            2                          ]
 [                                       ]
 [                                       ]
 [                                       ]
 [                                       ]
 [                                       ]
 [                                       ]
 [                                       ]]
#17
[[            3                          ]
 [          5   5                        ]
 [          4   4                        ]
 [            3                          ]
 [                                       ]
 [  5 4               4 5                ]
 [3     3           3     3              ]
 [  5 4               4 5                ]
 [                                       ]
 [            3                          ]
 [          4   4                        ]
 [          5   5                        ]
 [            3                          ]
 [                                       ]
 [                                       ]
 [                                       ]
 [                                       ]
 [                                       ]
 [                                       ]
 [                                       ]]
#18
[[            4                          ]
 [          6   6                        ]
 [          5   5                        ]
 [            4                          ]
 [                                       ]
 [  6 5               5 6                ]
 [4     4           4     4              ]
 [  6 5               5 6                ]
 [                                       ]
 [            4                          ]
 [          5   5                        ]
 [          6   6                        ]
 [            4                          ]
 [                                       ]
 [                                       ]
 [                                       ]
 [                                       ]
 [                                       ]
 [                                       ]
 [                                       ]]
#19
[[            5                          ]
 [          7   7                        ]
 [          6   6                        ]
 [            5                          ]
 [                                       ]
 [  7 6               6 7                ]
 [5     5           5     5              ]
 [  7 6               6 7                ]
 [                                       ]
 [            5                          ]
 [          6   6                        ]
 [          7   7                        ]
 [            5                          ]
 [                                       ]
 [                                       ]
 [                                       ]
 [                                       ]
 [                                       ]
 [                                       ]
 [                                       ]]