[[                                     ]
 [            1                        ]
 [          1 1 1                      ]
 [    1 1 2 2 1 2 2 1 1                ]
 [    1 2 1 1 1 1   2 1 1              ]
 [  1 1 2 3 1 1 1 3 2 2 1              ]
 [  1 2 1 1 1   1 1 3 2 1 1            ]
 [  1 2 1 1 1   1 1     2 1            ]
 [  1 1 2 1       1 1 1 2 1            ]
 [    1 2 1 1 1 1 1 3 2 1 1            ]
 [      1 2 1 1 1 1 1 2 1              ]
 [        1 2 2 1 2 2 1 1       1 1 1  ]
 [            1 1 1         1 1 1 2 2 1]
 [              1           1 2 2   1 2]
 [                        1 1 2 3   1 3]
 [                        1 2 1 1 1 1  ]
 [                        1 2 1 1 1    ]
 [                        1 1 2 1      ]
 [                                     ]]
#3
[[          1 1 1                      ]
 [      1     2     1                  ]
 [  1 1               1 1              ]
 [1 1 2               2   1            ]
 [1                         1          ]
 [                                 1 1]
 [    1                             2 1]
 [      1                             2]
 [        1 1   2     1         1          ]
 [                                     ]
 [                            1        ]
 [1                           1        ]
 [1                           1        ]
 [  1                               ]
 [            1 1 1   1               4]
 [                    1               1]
 [                    1               1]
 [                      1 2         1  ]
 [                      1 1     1 1    ]]
#4
[[      1 1 2 2 2 1 1                  ]
 [1 1 1 2 1 1 3 1 1 2 1 1 1            ]
 [1 2 2 1 1 1 1 1 1 1 2 2 1            ]
 [2 2 3 1 1       1 1 3 1 2 1          ]
 [2 1 1 1             1 1 1 2          ]
 [1 1 1                 1 1 2 1        ]
 [                        1 1 1 1      ]
 [                        1 1 2 1      ]
 [                              1 1    ]
 [2 1 1                         1 1 1 1]
 [1 2 1                         1 1 2 2]
 [  1 2 1 1 1                     1 3 2]
 [    1 2 1 1 1 1 1 1             1 1 3]
 [      1 2 2 1 3 1 1 2           1 1 1]
 [        1 1 2 2 2 1 2 1 1       1 1 5]
 [          1 1 1     2 1 1       1 1 2]
 [                1 1 2 1 1 1 1   1 1 2]
 [                  1 1 2 3 1 1   1 2 1]
 [                    1 2 2 1 1   2 1  ]]
#5
[[1                       1 1          ]
 [2                       2 1 1        ]
 [                            1        ]
 [                              1      ]
 [            1 1               1      ]
 [2       1       1 1             1    ]
 [1 1 1 1             1           1 1  ]
 [1 1 1 1             1 1 2           1]
 [1 1 1 1               1 1           1]
 [3 2 2   1                 1         2]
 [2           1 1 1                    ]
 [                  1 1       1        ]
 [1                     1 1   1        ]
 [  1                     1 1 1        ]
 [    1                                ]
 [      1                              ]
 [        1 1                          ]
 [            1 1                      ]
 [                1                 2  ]]
#6
[[                      1 2 2 1 1      ]
 [                      1 3 2 2 1      ]
 [                      1 1   2 1 1    ]
 [            1 1 1       1 1 1 2 1    ]
 [1 1 1 1 1 1 2 2 1 1         1 2 1 1  ]
 [3     1 2 1 1 1 2 2 1 1 1 1 1 1 2 1 1]
 [2     2   1 1 1 1 1 2 1 1 1 1 1 2 2 1]
 [          1     1 1 2 2 3 1 1 1 1 1 2]
 [          1 1   1 1 1 2 2 1 1   1 1 2]
 [4       2 1 1 1 1 1       2 1   1    ]
 [3     1 1 1 2 2 2 1 1 1   1 1   1    ]
 [1 1 1 1     1 1 1 2 2 1     2 1 1    ]
 [2 1 1         1 1 1 1 2 2 1 2 1      ]
 [  2 1               1 1 2 2 2 1      ]
 [  1 2 1 1             1 1 1 1        ]
 [    1 2 1 1 1                        ]
 [      1 2 2 1 1                      ]
 [        1 1 2 2                      ]
 [          1 1 1                      ]]
#7
[[                    1 2       2 1 1  ]
 [                  1   2           1  ]
 [  1 1 1 1 1     1                   1]
 [1 1                                 1]
 [2 2 2 2                              ]
 [4                                    ]
 [3                                    ]
 [  1 1                                ]
 [  1 1                                ]
 [5 1                                  ]
 [4                                   1]
 [2                                 1  ]
 [                                  1  ]
 [                                  1  ]
 [                                1    ]
 [1               1 1 1 1     1 1      ]
 [  1             1 1     1 1          ]
 [    1           1                    ]
 [      1       2 1                    ]]
#8
[[    1 1 1         1 2 3       3 2 2 1]
 [1 1 1 1 1         2 1 3       1 1 2 1]
 [1 2 2 2 2 2       1 1 1       1 1 1 2]
 [2 2     1 1                          ]
 [3     3 1 1                          ]
 [5     1                              ]
 [4     1 1                            ]
 [  2 2 1                              ]
 [  2 2 1                              ]
 [6 2   1                              ]
 [5 1 1                                ]
 [3 1 1                           1 2 1]
 [                              1 1 2 1]
 [                  1 1         1 1 2 1]
 [              1 1 1 1 1 1 1 1 1 2 1  ]
 [              1 2 2 2 2 1 1 2 2 1    ]
 [  2 1       1 1 2 2   1 2 2 1 1      ]
 [  1 2       1 1 2     1 1 1 1        ]
 [            1 3 2 1 1                ]]
#9
[[1       2 1 1 1 1 2 3 4 1 1 1 4     2]
 [2           1 1 1 3 2 4 1 1 1 2     2]
 [2             1 1 2 2 2 1 1 1 2     3]
 [3           1 1 1 1 1 1 1 1 1 1     1]
 [4           1 1                 1 1  ]
 [6           1                        ]
 [5       2                            ]
 [          1                          ]
 [          1                          ]
 [        1                            ]
 [6       1                     1 1 1 1]
 [4 2 2 1                     1       2]
 [1 1 1 1       1 1 1 1 1 1 1          ]
 [            1 1                      ]
 [          1 1                        ]
 [1 1 1 1 1 1                         1]
 [1 3 2 1 1                         1  ]
 [1 2 3 1 1 1                     1    ]
 [1 1 1 1 1 1 2       2       1 1      ]]
#1 
[[    1   3 2 2                 5   1  ]
 [3 1 1   1                           3]
 [3 1 1   1                           4]
 [4 1 1   1                           2]
 [5 1 1   1 1 2 2                 2 2 1]
 [7 1 1   1 1 2     1 1 1 1 1 1 1 1 1  ]
 [    1   3 1 1 1                      ]
 [    1 1 1 2 1                        ]
 [    1 1 1 2 1                   1 1  ]
 [1 1 1 1 2 1 1                 1 1 1 1]
 [7       2 1 1 1 1 1 1 1 1 1 1 2 2 2 2]
 [5 3   2 1 1 1 1 1 1 1 1 1 1 2 1 1 1 3]
 [2 2 2 2     1 2 2 2 2 2 2 2 1 1 1 1 1]
 [            2 2 1 1 1 1 1 1          ]
 [            2   1 1 1 1 1            ]
 [2             1                      ]
 [              1               1 1 2  ]
 [              1               1 2 1  ]
 [2         2 3                 2 1    ]]
#11
[[1 1 2   4 3 3                   1 2  ]
 [4 2     2 1 1                   1 1 4]
 [              1               1     5]
 [              1 1 1 1 1 1 1 1 1     3]
 [              3 1 1 1 1 1 1 1 1 3 3 2]
 [                  2 2 2 2 2 2 2 2 2 1]
 [                  1 1 1 1 1 1       1]
 [                  1 1 1 1 1         1]
 [1                 1 1 1 1 1       2  ]
 [2                                    ]
 [8                                    ]
 [6                                    ]
 [3 3 3 3                             2]
 [1     1                             1]
 [1 1 1   1   3                     1 1]
 [          1   2         1 1 1 1 1 1 1]
 [          1 1 2   1 1 1   1 1 2 2 3 1]
 [          1 1 2 1           1 2 3 2 1]
 [          3 4 1             1 3 2   1]]
#12
[[2 2 3 1 5 4 4 1               1 2 3 1]
 [5 3 1 1 3 2 2   1 1 1 1 1 1 1   2 2 5]
 [1 1 1 1 1                           6]
 [          1   2                      ]
 [            1 4                     3]
 [            1                       2]
 [              1                     2]
 [              1                   1 2]
 [                1 2       2 1 1 1    ]
 [3 1 1           1 1       1 1        ]
 [9                   1 1 1            ]
 [7     1                              ]
 [4     4 1 1                     1 1 3]
 [2     2 1 1 1             1 1 1     2]
 [2 2 2   2   4 1 1 1 1 1 1           2]
 [1 1 1 1           1 1 1 2 2          ]
 [    1 1           2 2 2              ]
 [      1 1       2   1 1              ]
 [        1 4 5     1 1 1 1   2       2]]
#13
[[3           5 2 1 1 1 1 1 1 1 2 3 4 2]
 [6               2 2 2 2 2 2 2 1 3 3 6]
 [2                 1 1 1 1 1 1 1     7]
 [1             3   1 1 1 1 1 1 1 1 1 1]
 [  1 1 1 1   2 5 1               1 1 4]
 [          1 2 1 1 1             1 1 3]
 [          1 1 2 1 1         1 1   1 3]
 [            1 2 1 1 1 1 1 1 1 1   2 3]
 [1 1 1       1 1 2 3 1 1 1 3 2 2 2 1 1]
 [4 2 2         1 2 2 1 1 1 2 2 1 1 1  ]
 [9     1 1 1 1 1 1 1 2 2 2 1     1 1 1]
 [8     2     1 1 1 1 1 1 1 1 1 1 1 1 1]
 [5     5       1 1 1       1 1 1 2 2 4]
 [3           2             2 2 2 1 1 3]
 [3           5 2 2           1 1 1 1 3]
 [2                         3 1 1 1    ]
 [1                           1        ]
 [1 1   2 2 1 1 1 3           1        ]
 [    1 1 2 5 6 1 1 2 2 2 2 1          ]]
#14
[[            6 3 2                 5 3]
 [7 1 1       1                       7]
 [3 1   1 1 1                          ]
 [2 1 1 1 1                            ]
 [1 2 2 2 2                            ]
 [  1 1 1                              ]
 [1 1 1                                ]
 [1 1 1 1                              ]
 [2 2 2                                ]
 [5 3                                  ]
 [9     2 2                            ]
 [9     3                              ]
 [6     6                              ]
 [4 1 1   1   3                        ]
 [4 1 1     1 6 3 3 1   1             4]
 [3 1   1 1       1 1     1 4         1]
 [2                   1 1           1 1]
 [2 2   3 3 2 2 2 4 1 1 1     2 1 1    ]
 [1 1 2 2 3 6 7 2 2 3 3 3 3 2 1        ]]
#15
[[1 1 1 1 1 1 7 4 3                    ]
 [8 2         2 1 1                    ]
 [          2   1 1                    ]
 [            1                        ]
 [            1                        ]
 [          1                          ]
 [          1                          ]
 [        1                            ]
 [        1                            ]
 [6       1 1                          ]
 [9     3 3 1                          ]
 [9     4 1 1                          ]
 [7     7     1 1 1 1                  ]
 [5       2   4   1 1 1 1              ]
 [5         2 7 4 4 2   2 1 1     1 1 5]
 [                        2 5 1 1 1 1 2]
 [                              1   2 2]
 [3                           3 2 2 1 1]
 [2 2 3 3 4 7 8 3       4 4 3 2 1 1 1  ]]
#16
[[2 2 2 2 2 2   5 4 1                  ]
 [9 3 1 1         2 1                  ]
 [1 1 1 1         2 1                  ]
 [        1 1 2   1 1                  ]
 [        1 1 2 1 1                    ]
 [        1 2 1 1                      ]
 [      1 1 2 1                        ]
 [    1 1 2 1 1                        ]
 [    1   2   1                        ]
 [  1     2 2                          ]
 [9 1   4       1 1                    ]
 [9     5           1 1 1              ]
 [8     8                 1 1          ]
 [6 1   1 3             2           1 1]
 [  1 1   1 3 8         3 2 2       2 6]
 [    1   1 1 1           3            ]
 [1 1 1 1 1       1 1 1                ]
 [4 1 1 1 1 1 1         1             2]
 [3 3 4 4 5 8 9           5 4 3     2 1]]
#17
[[3       3 3 1 6 5 2 1                ]
 [9               3 2   1              ]
 [2                     1              ]
 [1                 2 1                ]
 [  1               1 1                ]
 [                  1                  ]
 [  1                                  ]
 [  1 2           1                    ]
 [1               1                    ]
 [1 2           1 1 1 1                ]
 [9 2   5     1 2 2 1 1 1 1            ]
 [9     6 1   1 1 1 2 2 2 1 1          ]
 [9           1 1 1 1     2 2 1 1 1 1 1]
 [7 2         1 1 1 1   3     1 1 1 2 2]
 [            9 1 1 1   4 3 3 1 1 1 3 7]
 [                1 1     4 1     1 1 1]
 [                2 2 2       1 1 1 1 1]
 [5               1 1 1 2 1 1 1   1    ]
 [4         9 9 1 1 1 1 1 6 5     1    ]]
#18
[[    1     4 2 7 6 3 2 1              ]
 [9 1 1     1 1   4 3   2 1            ]
 [3 1 1     1 1         2 1            ]
 [2 1 1         1 1 3 2   1            ]
 [1 2 1           1 2 2 1              ]
 [1 1 1 1       1 1 2 1 1              ]
 [1 2 1 1       1 1 1 1                ]
 [1 2 3 1     1 1 2 1 1                ]
 [2     1   1 1         1 1            ]
 [2 3   1 1                 1          ]
 [9 3   6 1                     1 1 1  ]
 [9     7 2                           1]
 [9     1                             2]
 [8 3 1   1                            ]
 [          1                          ]
 [          1                          ]
 [          1                          ]
 [            1                        ]
 [            9 2           6     2 1 1]]
#19
[[1 1 2     5 3   7 4 3 2 1 1          ]
 [9 2 2     2             2 1          ]
 [          2             2 1          ]
 [          1             2 1          ]
 [          1               1          ]
 [                                     ]
 [                          1          ]
 [            2           1 1          ]
 [            2         2 2 1 1 1      ]
 [3             1 1 1 1 1 1 2 1 1 1 1  ]
 [9       2   1             1 1 2 2 2 1]
 [9       3   1                 1 1 1 2]
 [9     2   1 1                   1 1 3]
 [9 4 2   2 1 1                        ]
 [1 1 1 1 1 2 1                        ]
 [    1 1 1 2 1 1                      ]
 [        1 2 1 1                      ]
 [        1 1 2 1                      ]
 [          1 9 3                      ]]
#2 
[[2 2 3 1 1 6 4 1 8 5 4 3 2 2 1        ]
 [9 3 3   1 3 1 1 1 1     3 2   1      ]
 [1 1 1     3 1   1 1       2   1      ]
 [      1 1 2 1 1       1 3 2 1 1      ]
 [                      1 1 2 1 1      ]
 [                      1 1 1 1 1      ]
 [                      1   2   1      ]
 [            3 1 1 1             1 1  ]
 [        1 1 3 1 1 1                 1]
 [    1   1 1   2 2 2 2                ]
 [9 1 1 1 3   2     1 1                ]
 [9                 1 1 1 1            ]
 [9               1         1 1       4]
 [9               1             1 1 1 1]
 [2               1                    ]
 [1                                    ]
 [1 1               1                  ]
 [    1             1                  ]
 [      1       4 1                    ]]
#21
[[3 3               6 5 4 3 3 2 1      ]
 [9                             2 1    ]
 [2                               1 1  ]
 [1 1   2                           1  ]
 [  1 1 1 1 1 1 1 1 1               1  ]
 [        1 1 1 1 1                 1  ]
 [        1 1           2       2   1  ]
 [      1 1               1   1 1 2 2  ]
 [1 1                     1     1 1 1  ]
 [1 1 2                   1            ]
 [9 2 2 2 4               1 1          ]
 [9     1 1 1           2 2 1 1 1 1 1 1]
 [9     1 1   1 1 2     1 1 2 2 1 1 1 5]
 [9 1 1         1 2 1 1 1 1 1 1 2 2 2 2]
 [3 1 1         1 2 1 1       1 1 1 1 1]
 [2 1 1         1 1 1 1           1 1  ]
 [2 2 1         1 1 2 1                ]
 [1 1 2         1 1 2                  ]
 [  1 1         5 2 1                  ]]
#22
[[4 4 1               6 5 4 4 3 2 1 1  ]
 [9 1 1               1 1 1 1 1 3 2 1 1]
 [3       1 1 1 1 1 1 1 1 1 1 1   2 2 1]
 [2 2   3         1 1           1 1 2 1]
 [1 2 2         2 2 2 1         1 1 2 1]
 [1 1           2 2 1 1     1 1     2 1]
 [1 1             1 1 1 3 1 1       2 1]
 [1 1   2 2     1     1 1 2   2 2 3 3 1]
 [2 2       1 1       1 1 2     2 2 2 1]
 [2         1 1       1   2           1]
 [9       5   1 1   1                  ]
 [          2   1 1                   2]
 [              2                      ]
 [                                     ]
 [        1                            ]
 [        1 1               1       2  ]
 [        1 1             1   1 1 1 1 1]
 [        1 1           1              ]
 [  2 2 1     1 6 3 2 1 1              ]]
#23
[[5 5 2 1 1 1 1 1 1                 2  ]
 [9 2     1 1 1 1                      ]
 [        2 2 2 2                      ]
 [      4 1 1                          ]
 [2       1 1                          ]
 [        1 1                          ]
 [        1 1                          ]
 [2 2   3 3     2                      ]
 [3 3       2 2                 3     2]
 [3 1                 2   3     1     2]
 [9 1 1 1 6         2 1 1 1 1 1   1 1 1]
 [        1 3   2 2 1 1                ]
 [        1 1   3 1 1                  ]
 [      1 1 1 1 1                      ]
 [      1 2 1 1             1 1 1 1 1 1]
 [    1 1 2 2 1           1 2 1 1 1 3 1]
 [    1   2 2   1 1 1 1 1 2 1 2 2 2 2 2]
 [    1   2 2   1 1 1 1 2 1 1 1 1 1 1 1]
 [    3 2 1 1 2 7 4 3 2 2 1 1 1 1 1 1  ]]
#24
[[6 6 3 2       2 2 1                  ]
 [9 3             1 1                  ]
 [1               1 1                  ]
 [  1             1                    ]
 [    1         1                      ]
 [  1           1                      ]
 [1 1     2     1                      ]
 [3 3   4 4     3                 1 1  ]
 [4         3 3 1 1 1 1 1 1 1 1 4   1 3]
 [4                   3   4 1 1 2   1 3]
 [9 2     7             2 2 2 2 1 2 2 2]
 [1 1                       1 1 1 1 1 1]
 [  1                       1       1 1]
 [  1                 1 1 1 1         1]
 [  1                                 2]
 [  1                                  ]
 [1 1                                  ]
 [1 1 2                                ]
 [  1 4 3                              ]]
#25
[[7 7 4 3     1 3 3 2 1                ]
 [9 4   1     1   2 2 1                ]
 [2     1     1   2 2 1                ]
 [1 2 1 1     1 1 2 1 1                ]
 [1 1 2 1   1 1 2 1 1                  ]
 [1 2     1 1 1 2 1 1                  ]
 [2 2     3     2     1 1 1 1 1 1 1 1 1]
 [4 4   5 5     4     1           2 2 1]
 [5       1 4 4 2 2 2 2               4]
 [5     1 1 1 1 1 1   4                ]
 [9 3   1   1 1 1 1 1                  ]
 [2 2   1           1 1                ]
 [1 2   1             1               2]
 [1 2 1 1               2 2 2 1       2]
 [1 2 1 1               1 1 1     1 1 3]
 [  2   1               1 1            ]
 [2 2                                  ]
 [2 2 3 1                              ]
 [1 2 5 4                              ]]
#26
[[8 8 5 4 1 1 2 4   3 2 1              ]
 [9     2     2           1            ]
 [                        1            ]
 [                                     ]
 [                        1 1 1 1 1 1  ]
 [                        1 1 1 1   1 1]
 [3                     2 2 2 2 2 2 2 2]
 [5 5                       1 1 1 3 3 2]
 [6                         1 1 1     5]
 [6                   5 1 1       1 1 1]
 [9                     1 1            ]
 [3                 2 2   1 1          ]
 [            1 1 1   2     1 1 1 1 1 3]
 [        1 1       1       3 2 1 1 1 3]
 [        1 1       1 1 2 2 2 1 1 2 2 4]
 [        1 1         1 2 2   1 1 1 1 1]
 [        1 1         1 1 1 1 1        ]
 [3     2 1                            ]
 [2 3 6 5 1                            ]]
#27
[[9 9 6 5 2 2 3 5 1 4 3 2 1            ]
 [9 1 1 3 1 1 3 1 1 1 1 1 2            ]
 [1 1 1 1 1 1 1 1 1 1 1 1 2 1 1 1 1    ]
 [                    1 1           1 1]
 [                    1             2 1]
 [                    1               2]
 [4 1 1               1 3              ]
 [6 6 1               1                ]
 [7 1 1             1 1               6]
 [7 1 1             1 6             2 2]
 [9 1 1         1 1                   1]
 [    1     1 1 1   3                  ]
 [    1 1 1 1 2 2 2                   4]
 [    1 1 2 2                          ]
 [    1   2 2                          ]
 [    1   2 2   1 1                   2]
 [1 1       2   1 1 1 2               1]
 [4 1   3 2   1     1 1 1     1 1 1 1  ]
 [3 4 7 6 2 1 1         1 1 1          ]]
#28
[[9                           1 1      ]
 [9                           1 1 1 1  ]
 [2                         2 2 2 2 1 1]
 [1                           1 1   2 2]
 [1 1   1 1 1 1 1           1 1 1   3 2]
 [1 1 1 1         1 1 2 1 1       1 1 3]
 [5 2 2 1         1 1 2 4 1       1 1 1]
 [        1       1   2   1       1 1 1]
 [        1     1   2 2 1 1       1 1 7]
 [        1 1 1     2 7 1         1 3 3]
 [                    1 1         1 1 2]
 [                  4 1           1 1 1]
 [1               3 1                  ]
 [1 1               1                  ]
 [1                   1                ]
 [1               2   1 1 1     1 1 1 3]
 [2               2 2 3   1 1 1 1 1 1 2]
 [5 2               2 2 2 1 1 2 2 2 2 1]
 [4 5   7 3 2 2         2 2 2 1 1 1 1  ]]
#29
[[                        1 1 2       1]
 [9 1 1                   1           1]
 [3 1   1 1 1 1           1           2]
 [2     1 1 1 1 1 1 1 1 1              ]
 [2     2 2 2 2 2                      ]
 [2               2                    ]
 [6                                    ]
 [1       2                            ]
 [  1 1 1 2 1   2           1          ]
 [      1 2 2 2 1           1 1        ]
 [        1 1 1             1 1        ]
 [    1       1 1   5 2   1     1 2 2 2]
 [2 1 1         1 4 2   1 1     1 1 1 1]
 [2 2 1         1   2     1   1 1 1 1 1]
 [2 1 1         1           1         1]
 [2 1 1         1 3                   4]
 [3     1 1 1 1 1 3                    ]
 [6 3   1 1 1 1 1   3                  ]
 [5 6 1 8 4 3 3 1 1 1                  ]]
#3 
[[1 1 1 1 1 1           1 2 2 3   1    ]
 [9 2 2         1 1 1 1 1 2 1 1   1    ]
 [4 2               1 1 1 2 1 1   1    ]
 [3               2 2 2 2 1            ]
 [3     3           1 1 1              ]
 [3 1   1         3 1 1                ]
 [7             1 1                    ]
 [2 1     3     1 1                    ]
 [1 2 2         3 1       1 2 1 1      ]
 [1 1           2   1   1 1 2 2   1 1  ]
 [1                   1     2         1]
 [1   2             6 3   2           3]
 [3 2               3   2 2           2]
 [        1 1             2            ]
 [                      1 1 2         2]
 [                    1 1   1 1 1 1 1 5]
 [                    1                ]
 [7                 4 1                ]
 [6 7             2 2 1                ]]
#31
[[2 2 2 2 2 2 1 1 1               2    ]
 [9 3     1 1 1 2 2               2    ]
 [5       1 1 1                   2    ]
 [4     1     1                 1 1    ]
 [4     4     1             1 1        ]
 [4 2   2   1 1           1            ]
 [8     1 1 1   2       1 1 1 1        ]
 [3     1   1   2               1 1    ]
 [2 3 3 1   1   4 2       2 3 2 2 1 1  ]
 [2 2   1   1 1 3   2       3 3   2 2 1]
 [2     1       1                   1 2]
 [2 1 3 1       1 1 7           1 1 1 4]
 [4 3 1 1         1 4     3   1   1 1 3]
 [1 1 1 1         1 1           1   1 1]
 [                  1       3   1 1 1 3]
 [                1 1 2 2   2 2 2 2 2 6]
 [                1   2     1 1 1 1 1 1]
 [                1 5 2   1 1 1 1 1 1  ]
 [                3 3 2 1              ]]
#32
[[3 3 3 3       2 2 1                  ]
 [9 4             3 1         1 1 3 1 1]
 [6                 1         1 1 3 1 1]
 [5     2         1         1 1 2 2 1  ]
 [5     5     2   1     1 1 2 2 1 1    ]
 [5     3     2   1     1 2       1 1  ]
 [9             3 1 1 1 2 2         1  ]
 [4                 1 1               1]
 [3               3   1 1 3         2  ]
 [3                 3 1 1 1 4          ]
 [                      1 1            ]
 [                  8   1 1 1          ]
 [5     2 1 1 1   2 5   1   1 2        ]
 [2     2 1 1 1           1            ]
 [1     1 1   1                        ]
 [  1 1       1                        ]
 [            1                        ]
 [            1 1                      ]
 [              1 4 4 3 2           1 1]]
#33
[[4 4 4 4       3 3 2 1     1 1       1]
 [9 5   1     1 1 4 2 1 1 1 1 2       2]
 [7     1 1 1 1     2   1             2]
 [6     3 1 1 1   2                    ]
 [6       1 1 3   2                    ]
 [6       1 1 3                     2 1]
 [9 1 1   1 1 1 4                   2 1]
 [5 1 1       1               1 1 1 1 2]
 [4 1 1         1 4           1        ]
 [              1 1         5 1        ]
 [  1 1   1 1 1 1               1      ]
 [  1 1 1     1   1 9           1      ]
 [  1   3     2   3 6   2   2 3        ]
 [3     3     2   1 1 1   2 1 1        ]
 [2     2         1   1 1 1 1          ]
 [1 2 2 1     2 1 1                    ]
 [  1 1 1 1   2     1 1                ]
 [        1 1 2 2   1 1                ]
 [          1 1 2 5 5 4                ]]
#34
[[5 5 5 5       4     2     2 2 1 1    ]
 [9                     2 2 2 3 1 1    ]
 [8                     2   1 1 1 1    ]
 [7                     1 1 1     1 1 1]
 [7               3 1 1           1 1 1]
 [7                             1   3 2]
 [                  1         1 1   3 2]
 [6 2               1     1 1 2 2   2 3]
 [                5 1     1 1 2     1 1]
 [                2 1 1   1 6 2     1  ]
 [  2     2 2         1 1 1   1 2 1    ]
 [1 2 2 2                       2 1    ]
 [1                           4 1 1    ]
 [4     4     3             2 2 1      ]
 [3                         2 1 1      ]
 [2                         1 1        ]
 [1 2                     1            ]
 [1 1                 2 1              ]
 [    1 1   2 2     6 5 1              ]]
#35
[[6 6 6             1 3 1         2 1  ]
 [9 1 1             1 1 3             1]
 [9               1                    ]
 [8 1 1             1   2             2]
 [8 1 1           4 2 2                ]
 [8 1 1         1 1 1                  ]
 [1 1 1         1 1 2                  ]
 [              1 1 2                 4]
 [    1 1     1 1 6 2                 2]
 [1 1   1 1   1 1 3 2               2 1]
 [1 3 1 1 3   1 1 1 1 2 2             1]
 [2 3 3 3 1 1 1 1 1 1 1               1]
 [2     1 1 1           1              ]
 [5     5 1               1         1  ]
 [4 1 1                 1           1  ]
 [3                     1   2 2   1    ]
 [2 3   1 1       1 1 1   2   1 1      ]
 [2 2 1 1 1       1 1 3 2 1 1          ]
 [1 1 2 2 1       1 7 6 2 1            ]]
#36
[[7 7 7 1         1 2 4 2 1            ]
 [9 2 2 1       1 1 2 2 4 1       1 1 2]
 [        1     1 2       1       1 1 1]
 [        1   1         3 1            ]
 [        1   1       3 1              ]
 [        1   1         1              ]
 [2       1 1           1              ]
 [                      1         1 1 5]
 [                      1         1 1 3]
 [2                               1 3 2]
 [2                     3 1       1 1 2]
 [3                       1       1 1 2]
 [                      2 1 1     1 1 1]
 [6             1 1 1 1 1 2 1 1 1 1 2 1]
 [5         1 1     1   2     1 1 1 2  ]
 [4         1 1 1 1           3   2 1  ]
 [        2 1 1 1 2           2 2 1    ]
 [3       2 1 1 1 2             1 1    ]
 [2       2 1 1 1 2       2   1        ]]
#37
[[8 8 8 2 1 1 1 1 2     3 2 1 1 1 1 1 1]
 [9 3 3 2 1 1   2 2       2 1 1 1 2 2 3]
 [1       2     2             1 1 2 2 2]
 [  1   1 2             4 2 1 1 1 1 1 1]
 [    1 1 2     1 1 1 4 2 1 1          ]
 [    1 1 2   2 1 1 1 1 2 1 1          ]
 [    1 1 2 2 1     1 1 2 1 1   1 1 1 1]
 [    1   1 1 1     1 1 2 1 1   1 2 2 6]
 [    1             1 1 2 1 1 1        ]
 [                    1 1 1 1 1        ]
 [                    1 4 2 1          ]
 [4 1 1           1 1                  ]
 [1 1 1       1 1 1                    ]
 [7 1 1   1 1   2 2 2                  ]
 [    1 1 1 2           3              ]
 [5 1 1 1               1              ]
 [1 1 1               1   1           1]
 [    1 1             1   1 1   2 2 1 1]
 [    1 1 3       3 1 1     1 2 1 1 1  ]]
#38
[[9 9     2     2 3 1 1 4 3           2]
 [9             3 3 1 1                ]
 [2                                    ]
 [1                                   2]
 [1                                    ]
 [1                                    ]
 [1                               2 2 2]
 [1 1 2       2                   3 3 7]
 [  1 2     1 1 1                     1]
 [1 1 1 1 1   1 1                 1 1  ]
 [1 1 1 1 1   1 1               1      ]
 [5 2 2   1 1     2         1 1        ]
 [2           2 2 2     1 1 1          ]
 [          2   3 3 3 1 1              ]
 [          3     1   1 4 1            ]
 [            1 1 1 1   2 1 1 1 1 1 1 1]
 [2         1 1   1 1 2   2           2]
 [      2   1     1 1 2   2 2   3 3 2 2]
 [1 1 2 2 4       4 2 2     2 3 2 2 2 1]]
#39
[[9 9 1       1 3 4 2 2 5 4            ]
 [9 1 1       1 4 4 2 2 1 1            ]
 [3 1 1       1 1       1 1            ]
 [2 1 1           1 1                  ]
 [2 1 1                           1 1 1]
 [2 1 1                         1 1 1 1]
 [2     1 1 1 1 1               1 3 3 3]
 [2           3 1 1             1 4 4 8]
 [            2 2 1           1 1     2]
 [              2   1         1 1 2 2 1]
 [                  1 1 1 1 1 1 2 1 1  ]
 [6                     1 1 2 2 1 1    ]
 [3                     2 2 2 1 1      ]
 [1 1 1 1 1 3                     1 1  ]
 [        1 4                   1 1 1 1]
 [      1 1                     2 2 2 2]
 [3 1 1     2                         3]
 [1 1 1 3   2                         3]
 [2 2 3 3 5 1 1   5 3       3 4 3 3 3 2]]
#4 
[[9 9 2 1 1 1 2 4       6 5 1          ]
 [        1 1 2           2 1          ]
 [          1 2           2 1 1        ]
 [        1 1 1   2 2   1 1 1 1 1 1 1 1]
 [          1 1 1 1 1 1     1 1       2]
 [          1     1 1         1        ]
 [3     2 2 2 2 2   1       1          ]
 [3 1 1 1 1       2 1       1          ]
 [    1   1           1 1 1            ]
 [          1 1 3   2                 2]
 [            1 1 1 2 2               1]
 [7 1 1 1 1 1   1 1 1                  ]
 [4 1   1 1 1 1     1                  ]
 [2 2 2 2 2 4 1       1 1              ]
 [1       2 5 1           1 1         2]
 [            1 1             1 3     3]
 [4             1           1          ]
 [2         3 1 1           1 1       4]
 [3       6 2 2 1             5 4 4 4 3]]
#41
[[  9 3 2 2 2 3 5 1   1 7 6 2 1 1      ]
 [  1 1           1 1             1 1  ]
 [  1 1                             1 1]
 [      1           3             2 2 2]
 [    1                             1 3]
 [1 1                         2     1 1]
 [4 1                       2 1 1      ]
 [4 2 2             2     1 2 1        ]
 [1 1 2               2 2 2 1          ]
 [1                       1            ]
 [1                   3   1            ]
 [8                     1              ]
 [5                 2     1            ]
 [3                 1 2 2 1 1 1   1    ]
 [2                 1 1 1 2 2 1 1 1    ]
 [1 1           2   1   1     2 4 1 1  ]
 [5 1 1 1           1   1 1 2         1]
 [    1   1 4 2 2 1 1     1 2 2     1 5]
 [    1   7 3 3 2 1       1 1 6 5 5 5 4]]
#42
[[1 9 4 3 3 3 4 6 2 1 2 8 7 3 2 2 1 1 1]
 [1 2 2     1 1 1 2 2 1 1 1 1 1   2 2 1]
 [1 2 2     1 1 1 1 1 1 1 1 1 1     2 2]
 [1     2 1                            ]
 [1   2 1                   1 1     2 4]
 [2 2   1               1 1 1 3     2 2]
 [      1             1     3 2 2   1 1]
 [      1             1       2   1    ]
 [2 2 3 1           1 3         1      ]
 [2     1           1         1        ]
 [2 1 1             1 4   2 1 1        ]
 [9 1 1           1 1         1        ]
 [6 1 1           1 3           1 1    ]
 [4 1 1         1 1               2 1 1]
 [3     1       1                 2 1 1]
 [2 2   1 1 1 1 3                   2 1]
 [6 2   2                             2]
 [1   2   2 5     2 2               2 6]
 [1 1 2   8 4 4 3 2 1     2 2 7 6 6 6 5]]
#43
[[2 9                               2 2]
 [2                                 3 2]
 [                                    3]
 [                                     ]
 [2     2     1 1 1 1               3 5]
 [3 3   2 1 1         1 2   2 4     3 3]
 [1     2 1 1     1 1 2             2 2]
 [1     2 1 1     1 1 2       3     1 1]
 [3     2 1 1     1 2 4         2   1  ]
 [3     2 1     1   2       1 2 1 1    ]
 [        1     1   2 5   3 2 2 1 1    ]
 [        1   1   2 2   1 1 1 2     1 1]
 [        1   1   2 4   1 1 1   2 2   1]
 [              2 2   1       1     2 2]
 [              2 1 1         1 1     2]
 [3       2   2 4 1 1           1      ]
 [7                 1 1 1   1 1        ]
 [2               3 3 1 1   1 1 1   3 7]
 [2 2 3   9 5 5 4 3 2 1 1   3 8 7 7 7 6]]
#44
[[                                1 3 3]
 [                                1 4 3]
 [1 1 1         1 1               1 1 4]
 [1 1 1 1 1 1 1 1 1 1 1 1 1     1   1 1]
 [3 1   3     2 2 2 2 1 1 1     1   4 6]
 [4 4                 2 3 1 3   1   4 4]
 [2                         1 1     3 3]
 [2                           4     2 2]
 [4                                 2 1]
 [  1   3                             1]
 [  1     2                           1]
 [    1 1 2                           2]
 [        2                           2]
 [    1   1                         3 3]
 [    1   1 1                 2 2     3]
 [    1     1 3                       1]
 [8 1   1 1                           1]
 [3 1   1 1 1                 2     4 8]
 [3 3 4 1 9 6 6 5 4           9   8 8 7]]
#45
[[                              1 2 4 4]
 [1 1   1 1 1 1 1 1 1 1 1     1        ]
 [2 2                     1 1 1        ]
 [2     2 2 2 2           2            ]
 [      4     3                        ]
 [5       1                           5]
 [3             1 1 1       2 2       4]
 [3 1 1                 1 1 1 5     3 3]
 [5 1 1 1                       1   3 2]
 [1 2   4 1 1                       1 2]
 [1 2     3 1                     1 1 2]
 [1 1 2 2 3 1 1                   1 1 3]
 [1 1     3 1 1                     1 3]
 [1 1 2       1                     4 4]
 [1 1 2     2 1                     1 4]
 [1         2 4 1               1     2]
 [9               1         1 1 1     2]
 [4             1 1             1   5 9]
 [4 4     9 7 7 6               1 9 9 8]]
#46
[[1 1 1 1 1 1 1 1 1 1 1 1 1 1 1 2 3 5  ]
 [2 2   2 2 2 2 2 2 2 2 2 1 1 2 1 1 1  ]
 [3 3             1 1 1 1 2 2 2 1 1 1  ]
 [3     3     3   1 1 1 1 3 1 1        ]
 [1 1   5 1   4 1 1   1 1 1 1 1 1 1    ]
 [6     1 2   1 1 1 1 1 1 1 1 1 1 1 1 6]
 [4     1 1 1 1 2 2 2 1 1 1 3 3 1   1 5]
 [4       1 1 1 1   1 1 2 2 2 6     4 4]
 [          1 1 1   1 1 1 1 1 1 2     3]
 [          2 1 1         1 1 1        ]
 [              1                      ]
 [              1               1      ]
 [                1             1      ]
 [                1             1     5]
 [2 2       3 2   1         1 1 1   2 5]
 [2     1 1 3 5 2 1 1       1 1 2     3]
 [9     1         2 1       2 2 2     3]
 [5 1 1 1 1     2 2 1       1 1 2     9]
 [5 5 1     8 8 7 1 1       1 1 2 9 9 9]]
#47
[[2 2   2 2 2                       6 1]
 [3                                 2 1]
 [4                                   1]
 [4                                    ]
 [2     6                              ]
 [7                                   7]
 [5                                   6]
 [  1                                 5]
 [    1 1                           1 4]
 [      1 1                         1  ]
 [        1     2     1 1       1 1 1  ]
 [          1 1 2 1 1       1 1 2 1 1  ]
 [          1 1 1 2 1       1 1 2   1  ]
 [  1 1 1 1       2 1 1   1     2     6]
 [3 3 1 1 1 4     2   1 1 1         3 6]
 [3     2 2         2   1             4]
 [9                                   4]
 [6                                   9]
 [6 6 2   1 9 9 8 2 2 1 1 1 2 2     9 9]]
#48
[[3 3 1 3                         1 7 2]
 [4 1 1 1                         1 3 2]
 [5     1 1 1                     1 1 2]
 [5 1 1                           1 1 1]
 [3 1 1                                ]
 [8 1 1                                ]
 [6 1 1 1                         1 1 7]
 [1 2 1 1 1                       1 1 6]
 [  1 2 2 1 1                   1   2 5]
 [  1 1 2 2   1 1 1 1 1 1 1 1 1     2  ]
 [    1 1 2           2 2 1            ]
 [  1 1                     2         1]
 [1 1                                  ]
 [1 2                     2           7]
 [4 4       5     3     2 2   1 1   4 7]
 [4       3 1 1 1 1 3   2 1 1     1 1 5]
 [9                         1 1 1   1 5]
 [7 1   1 1 1 1 1 1 1 1 1 1 1     1 1 9]
 [7 7 3 1 2 9 9 9 3 3 2 2 2 3     1 9 9]]
#49
[[4 4   4 1 1                   1 2 8 3]
 [5         1                 1        ]
 [        2 2                 1        ]
 [          1                   1 2 2 2]
 [          1                   1      ]
 [                              1      ]
 [          1                   1 2 2 8]
 [            1 1 1 1 1 1 1 1 1     2 7]
 [              1 1 1       1 1 2   3 6]
 [            2 2 2 2 2 2 2 2 2     3 1]
 [            1 1 1 1 3 3 2   1 1 1 1 1]
 [          1 1 1 1 1       3 1 1 1    ]
 [2 2     1         1 1 1     1 1 1 1 1]
 [2 3     1 1 1 1 1 1     3     1     8]
 [5 5   1 1 6 1 1 4 1   3 3   2 2   5 8]
 [5       4 2     2                    ]
 [9                                    ]
 [8 2                                  ]
 [8 8 4 2 3 9 9 9 4 4 3   3 4     2 9 9]]